9.435857805255022 17641471.562073234
9.102009273570324 38768879.62092538
8.7774343122102 69108404.48064393
8.434312210200927 104964691.89916117
8.109737248840805 140960099.89044198
7.775888717156105 175814761.39755097
7.451313755795982 216608324.9932768
7.117465224111283 270168232.03881973
6.7928902627511585 328780836.16106033
6.459041731066461 390368942.4098416
6.134466769706337 469245243.7529507
5.809891808346213 564058957.7272062
5.485316846986089 661536688.0506507
5.142194744976816 756957769.7706096
4.817619783616692 876906908.630482
4.483771251931994 1054070957.8894036
4.168469860896446 1314757070.0188556
3.8346213292117466 1523067286.5706577
3.510046367851623 1618705251.1265864
3.1761978361669243 1875173042.0857728

