0 0 0
0 0 0
0 0 0
0 0 0
0 0 0
0 0 0
0 0 0
0 0 0
0 0 0
0 0 0
0 0 0
1 0 0
1 0 0
1 0 0
1 0 0
1 0 0
1 0 0
1 0 0
1 0 0
1 0 0
1 0 0
1 0 0
1 0 0
1 0 0
1 0 0
1 0 0
1 0 0
1 0 0
1 0 0
1 0 0
1 0 0
2 0 0
2 0 0
2 0 0
2 0 0
2 0 0
2 0 0
2 0 0
2 0 0
2 0 0
2 0 0
2 0 0
2 0 0
2 0 0
2 0 0
2 0 0
2 0 0
2 0 0
2 0 0
2 0 0
2 0 0
2 0 0
3 0 0
3 0 0
3 0 0
3 0 0
3 0 0
3 0 0
3 0 0
3 0 0
3 0 0
3 0 0
3 0 0
3 0 0
3 1 1
3 3 5
3 5 9
3 7 13
3 9 17
3 11 21
3 13 25
3 15 29
3 17 33
3 19 37
3 21 41
3 23 45
3 25 49
3 27 53
3 29 57
3 31 61
3 33 65
3 35 69
3 37 73
3 39 77
3 41 81
3 43 85
3 45 89
3 47 93
3 49 97
2 51 101
2 53 105
2 55 109
2 58 113
2 60 117
2 62 121
2 64 125
2 66 129
2 68 133
2 70 137
2 72 141
2 74 145
2 76 149
2 78 153
2 80 157
2 82 161
2 84 165
2 86 169
2 88 173
2 90 177
2 92 181
2 94 185
2 96 189
2 98 193
2 100 197
2 102 201
2 104 205
2 106 209
2 108 213
2 110 217
2 113 221
2 115 225
2 117 229
2 119 233
2 121 237
2 123 241
2 125 245
2 127 249
2 129 253
3 130 255
5 131 255
7 131 255
9 132 255
11 132 255
14 133 255
16 134 255
18 134 255
20 135 255
22 135 255
24 136 255
27 137 255
29 137 255
31 138 255
33 138 255
35 139 255
38 140 255
40 140 255
42 141 255
44 141 255
46 142 255
48 143 255
51 143 255
53 144 255
55 144 255
57 145 255
59 146 255
62 146 255
64 147 255
66 147 255
68 148 255
70 149 255
72 149 255
75 150 255
77 150 255
79 151 255
81 151 255
83 152 255
86 153 255
88 153 255
90 154 255
92 154 255
94 155 255
96 156 255
99 156 255
101 157 255
103 157 255
105 158 255
107 159 255
110 159 255
112 160 255
114 160 255
116 161 255
118 162 255
120 162 255
123 163 255
125 163 255
127 164 255
129 165 255
131 165 255
134 166 255
136 166 255
138 167 255
140 168 255
142 169 255
144 170 255
146 171 255
147 173 255
149 174 255
151 176 255
153 177 255
155 178 255
156 180 255
158 181 255
160 183 255
162 184 255
164 185 255
165 187 255
167 188 255
169 189 255
171 191 255
173 192 255
174 194 255
176 195 255
178 196 255
180 198 255
182 199 255
184 201 255
185 202 255
187 203 255
189 205 255
191 206 255
193 207 255
194 209 255
196 210 255
198 212 255
200 213 255
202 214 255
203 216 255
205 217 255
207 218 255
209 220 255
211 221 255
212 223 255
214 224 255
216 225 255
218 227 255
220 228 255
221 230 255
223 231 255
225 232 255
227 234 255
229 235 255
230 236 255
232 238 255
234 239 255
236 241 255
238 242 255
240 243 255
241 245 255
243 246 255
245 247 255
247 249 255
249 250 255
250 252 255
252 253 255
254 254 255
255 255 255
