0 0 0
0 2 0
0 4 0
0 6 0
0 8 0
0 10 0
0 12 0
0 14 0
0 16 0
0 17 0
0 19 0
0 21 0
0 23 0
0 25 0
0 27 0
0 29 0
0 31 0
0 33 0
0 35 0
0 37 0
0 39 0
0 41 0
0 43 0
0 45 0
0 47 0
0 48 0
0 50 0
0 52 0
0 54 0
0 56 0
0 58 0
0 60 0
0 62 0
0 64 0
0 66 0
0 68 0
0 70 0
0 72 0
0 74 0
0 76 0
0 78 0
0 80 0
0 81 0
0 83 0
0 85 0
0 87 0
0 89 0
0 91 0
0 93 0
0 95 0
0 97 0
0 99 0
0 101 0
0 103 0
0 105 0
0 107 0
0 109 0
0 111 0
0 112 0
0 114 0
0 116 0
0 118 0
0 120 0
0 122 0
0 124 0
2 126 2
4 128 3
6 130 4
8 132 6
10 134 7
12 137 9
14 139 10
16 141 11
18 143 13
20 145 14
22 147 16
24 149 17
26 151 18
28 153 20
30 155 21
32 157 22
33 159 24
35 161 25
37 163 27
39 165 28
41 167 29
43 169 31
45 172 32
47 174 34
49 176 35
51 178 36
53 180 38
55 182 39
57 184 40
59 186 42
61 188 43
63 190 45
64 192 46
66 194 47
68 196 49
70 198 50
72 200 51
74 202 53
76 205 54
78 207 56
80 209 57
82 211 58
84 213 60
86 215 61
88 217 63
90 219 64
92 221 65
94 223 67
96 225 68
97 227 69
99 229 71
101 231 72
103 233 74
105 235 75
107 237 76
109 240 78
111 242 79
113 244 80
115 246 82
117 248 83
119 250 85
121 252 86
123 254 87
124 255 88
124 255 89
124 255 89
124 255 90
124 255 91
124 255 91
124 255 92
124 255 92
124 255 93
124 255 93
124 255 94
124 255 95
124 255 95
124 255 96
124 255 96
124 255 97
124 255 97
124 255 98
124 255 98
124 255 99
124 255 100
124 255 100
124 255 101
124 255 101
124 255 102
124 255 102
124 255 103
124 255 103
124 255 104
124 255 105
124 255 105
124 255 106
124 255 106
124 255 107
124 255 107
124 255 108
125 255 108
125 255 109
125 255 110
125 255 110
125 255 111
125 255 111
125 255 112
125 255 112
125 255 113
125 255 113
125 255 114
125 255 115
125 255 115
125 255 116
125 255 116
125 255 117
125 255 117
125 255 118
125 255 118
125 255 119
125 255 120
125 255 120
125 255 121
125 255 121
125 255 122
125 255 122
125 255 123
125 255 123
126 255 125
128 255 126
129 255 128
131 255 129
132 255 131
134 255 132
135 255 134
137 255 136
138 255 137
140 255 139
141 255 140
143 255 142
145 255 143
146 255 145
148 255 146
149 255 148
151 255 149
152 255 151
154 255 152
155 255 154
157 255 156
158 254 157
160 254 159
161 254 160
163 254 162
164 254 163
166 254 165
167 254 166
169 254 168
170 254 169
172 254 171
173 254 173
175 254 174
176 254 176
178 254 177
179 254 179
181 254 180
182 253 182
184 253 183
185 253 185
187 253 186
188 253 188
190 253 189
191 253 191
193 253 193
195 253 194
196 253 196
198 253 197
199 253 199
201 253 200
202 253 202
204 253 203
205 253 205
207 253 206
208 252 208
210 252 209
211 252 211
213 252 213
214 252 214
216 252 216
217 252 217
219 252 219
220 252 220
222 252 222
