0 0 0
2 0 0
4 0 0
6 0 0
8 0 0
10 0 0
12 0 0
14 0 0
16 0 0
17 0 0
19 0 0
21 0 0
23 0 0
25 0 0
27 0 0
29 0 0
31 0 0
33 0 0
35 0 0
37 0 0
39 0 0
41 0 0
43 0 0
45 0 0
47 0 0
48 0 0
50 0 0
52 0 0
54 0 0
56 0 0
58 0 0
60 0 0
62 0 0
64 0 0
66 0 0
68 0 0
70 0 0
72 0 0
74 0 0
76 0 0
78 0 0
80 0 0
81 0 0
83 0 0
85 0 0
87 0 0
89 0 0
91 0 0
93 0 0
95 0 0
97 0 0
99 0 0
101 0 0
103 0 0
105 0 0
107 0 0
109 0 0
111 0 0
112 0 0
114 0 0
116 0 0
118 0 0
120 0 0
122 0 0
124 0 0
126 2 2
128 4 4
130 6 6
132 8 8
134 10 10
137 12 12
139 14 14
141 16 16
143 18 18
145 20 20
147 22 22
149 24 24
151 26 26
153 28 27
155 30 29
157 32 31
159 33 33
161 35 35
163 37 37
165 39 39
167 41 41
169 43 43
172 45 45
174 47 47
176 49 49
178 51 51
180 53 53
182 55 54
184 57 56
186 59 58
188 61 60
190 63 62
192 64 64
194 66 66
196 68 68
198 70 70
200 72 72
202 74 74
205 76 76
207 78 78
209 80 79
211 82 81
213 84 83
215 86 85
217 88 87
219 90 89
221 92 91
223 94 93
225 96 95
227 97 97
229 99 99
231 101 101
233 103 103
235 105 105
237 107 106
240 109 108
242 111 110
244 113 112
246 115 114
248 117 116
250 119 118
252 121 120
254 123 122
255 124 123
255 124 123
255 124 123
255 124 123
255 124 123
255 124 123
255 124 123
255 124 123
255 124 123
255 124 124
255 124 124
255 124 124
255 124 124
255 124 124
255 125 124
255 125 124
255 125 124
255 125 124
255 125 124
255 125 124
255 125 124
255 125 124
255 125 125
255 125 125
255 125 125
255 125 125
255 125 125
255 125 125
255 125 125
255 125 125
255 125 125
255 126 125
255 126 125
255 126 125
255 126 125
255 126 125
255 126 126
255 126 126
255 126 126
255 126 126
255 126 126
255 126 126
255 126 126
255 126 126
255 126 126
255 126 126
255 126 126
255 127 126
255 127 126
255 127 126
255 127 127
255 127 127
255 127 127
255 127 127
255 127 127
255 127 127
255 127 127
255 127 127
255 127 127
255 127 127
255 127 127
255 127 127
255 127 127
255 127 127
255 129 129
255 130 130
255 132 132
255 133 133
255 135 135
255 136 136
255 137 137
255 139 139
255 140 140
255 142 142
255 143 143
255 145 145
255 146 146
255 148 148
255 149 149
255 151 151
255 152 152
255 154 154
255 155 155
255 157 157
255 158 158
254 160 160
254 161 161
254 163 163
254 164 164
254 166 166
254 167 167
254 169 169
254 170 170
254 171 171
254 173 173
254 174 174
254 176 176
254 177 177
254 179 179
254 180 180
254 182 182
253 183 183
253 185 185
253 186 186
253 188 188
253 189 189
253 191 191
253 192 192
253 194 194
253 195 195
253 197 197
253 198 198
253 200 200
253 201 201
253 203 203
253 204 204
253 206 206
253 207 207
252 208 208
252 210 210
252 211 211
252 213 213
252 214 214
252 216 216
252 217 217
252 219 219
252 220 220
252 222 222
